User profile
id=1229650151, screenName=舍得d1772, location=其他, gender=m
Concern
3810447472, 2760804760, 2719440947, 2631287191, 2908303237, 3710556312, 2619630772, 2512365005, 3055743925, 3017547547, 2939649507, 2892506767, 3810449771, 2538413470, 1834232502, 2372964160, 2387128247, 1802632623, 1144078464, 3191864525, 3274602292, 2304541242, 2965987862, 2759558431, 2291927130, 2772765701, 3826559275, 3292737675, 2686266964, 2884055741, 1944454033, 2491274543, 3226297630, 3179535563, 1161828743, 2841124850, 3077602145, 3041470180, 2735455697, 2880972250, 3485577282, 3837031036, 2813893843, 3811122744, 3871569436, 2764562667, 2051991163, 2793693924, 2324696335, 1646751462, 2005824543, 1821462637, 3203212182, 3660637300, 1010246257, 2936535783, 3787633974, 3800970069, 3308978693, 3835671048, 2650938983, 3282732031, 3250754214, 3223617150, 2659133454, 3855451556, 2997271687, 2458148093, 3803942569, 1682649753, 3121212791, 3103990121, 2461554715, 3861077467, 1673032807, 1011354745, 2817540133, 2627013393, 2115882964, 2801803973, 1141257343, 2471940705, 2822728792, 2039520944, 3035233534, 2364759655, 2914439275, 2706547511, 2687601051, 2500988452, 1968731063, 2717172791, 2667250543, 2685713211, 2725150123, 1751248341, 1022033623, 2230238757, 3173615434, 2727319403, 2623850717, 1869011675, 2675864401, 3785026325, 2675675527, 3756934450, 3221747537, 2460559502, 2571085125, 2482795722, 2303709602, 1865781541, 3780306323, 1807143623, 2073089995, 2327056947, 2412416355, 2683233204, 2048419362, 1034709280, 3053727305, 2846506327, 3738894522, 3255680821, 3024557711, 2952668222, 1642720480, 1853949425, 3886929372, 3566976821, 1845864154, 1989409281, 1241305362, 3852220456, 3846393611, 3251363750, 2956526011, 3824477900, 3174818835, 3829848359, 3826456589, 3866912307, 3838959665, 3864058064, 3855386764, 3835752842, 3847029893, 3811091386, 3077887670, 3880128160, 3860083957, 3847037284, 3847107340, 3847118203, 3826617419, 3768060440, 3088133262, 3265297400, 3828031822, 3802886052, 3255999411, 2507213165, 2507046035, 1656809190, 3288656315, 3288685601, 3768428883, 1657776532, 1719232542, 3440741870, 3707851581, 3226316775, 3123072041, 3631789033, 3470128614, 3637356271, 1774978073, 1806128454, 1671342103, 3077889820, 2811634092, 3583903402, 3235083282, 3708628572, 3077885254, 3518356043, 2507794213, 2486440820, 3020228441, 2507804553, 3128826225, 3226808125, 3566144442, 1653927944, 2507920667, 2681534850, 3135948477, 1182391231, 2345544584, 1198920804, 1644419370, 3518770710, 2713809793, 1769007181, 3543686661, 3534254877, 1182389073, 3318262573, 3136309660, 2814708610, 3245959550, 3311216401, 2760522197, 3279233505, 1738234665, 3397949440, 2836720550, 2958802963, 2683956781, 2592620482, 3358421774, 1885485114, 3029945542, 2502199310, 2949211480, 3281490275, 2829623902, 3122038692, 1266321801, 2584459721, 3174758955, 3051301075, 3012538917, 3012538707, 1726495902, 1895554060, 2495457435, 3024517621, 3031046491, 2159471975, 3150334157, 3042204457, 3012599851, 2803721782, 1440461767, 2919776024, 2920413302, 2920183300, 2978193013, 2919938344, 1654164742, 2804910122, 2920061952, 2815497703, 2430501621, 3021181643, 2911910960, 1900136095, 2810416150, 2807989172, 1559582171, 2895921910, 2491798843, 1739928273, 2789927324, 2805245454, 2920126730, 1778195642, 2919772770, 2789843200, 1725973897, 2919364000, 2789756782, 1583220784, 2919413684, 2920565030, 2920538204, 2920551150, 2920563994, 2920576834, 2862874034, 2920563982, 2920563974, 2920576822, 2920565014, 2920551142, 2919943680, 2919957154, 2882476367, 1790520423, 1427799307, 1670052504, 2727890803, 2265102514, 1700145871, 2808331457, 2646296090, 2545006597, 1744468952, 2133936925, 1713926427, 1781379945, 
Follower
810447472, 2760804760, 3710556312, 3055743925, 3810449771, 2538413470, 2387128247, 3121212791, 3274602292, 2965987862, 2304541242, 2772765701, 3292737675, 2686266964, 3826559275, 2884055741, 1944454033, 2841124850, 1161828743, 3077602145, 2880972250, 3837031036, 3485577282, 2793693924, 3871569436, 2005824543, 2048419362, 2717172791, 2936535783, 2650938983, 2230238757, 2997271687, 2458148093, 2461554715, 1011354745, 1673032807, 2801803973, 2115882964, 2471940705, 3785026325, 1869011675, 2623850717, 2364759655, 2706547511, 2914439275, 2500988452, 2667250543, 2725150123, 2685713211, 1751248341, 2675675527, 2675864401, 2303709602, 3221747537, 2327056947, 1807143623, 2412416355, 2073089995, 2683233204, 1034709280, 2846506327, 3846393611, 2956526011, 3824477900, 3880128160, 3077887670, 3811091386, 3847029893, 3835752842, 3855386764, 3864058064, 3838959665, 3866912307, 3847037284, 3860083957, 3826617419, 3265297400, 3802886052, 3828031822, 3255999411, 2507213165, 2507046035, 3288656315, 3288685601, 3768428883, 2507794213, 2507804553, 1653927944, 2681534850, 2507920667, 3561861535, 3534254877, 3318262573, 3311216401, 2760522197, 3279233505, 3358423342, 3358421774, 3281490275, 2829623902, 3012538707, 3012538917, 1895554060, 2495457435, 2159471975, 3150334157, 3150330367, 3012599851, 3021181643, 1790520423, 2882867271, 2882867111, 2880165225, 2902204532, 2902985224, 2902234790, 2903008042, 2902982444, 2902202672, 2902232704, 2882476367, 1427799307, 1670052504, 2808331457, 2774868813, 2775886101, 2767440923, 2428202692, 2646296090, 2545006597, 
Status
新版微博客户端，好听，好看，更好玩！自定义背景、封面；音、视频直接播放；好友圈好友消息不错过；信息流滑动速度提升；支持屏蔽广告微博；广场音乐、电影、美食等频道升级。[good]快试试一键听歌：http://t.cn/zH4S4xq 下载地址：http://t.cn/hKkeW
马路一老头摔到，我和几个学生帮送回老年公寓，天下还是好人多
(一张被烤焦的脸)我用的是三星s4i959手机有时热的让人受不了。什么TM破手机，上市时怎么通过的
(不让发红包是对的)可是行长你为什么还年薪等给你送礼的全年薪了。我们小柜员干了27，8年一天累的要死一个月才开2900多家里三口人怎么活啊，更可恨的是说什么干均一年开10万那6万多在那啊？我们每年还得为你们背税，为什么还每个月往我们工资卡里做你们的钱，为什么呢？全省行长的贪够造一个航母的，
雪太大了夜色中的我很无助
看到工行一储户非加歇耍巫赖很气愤，看到办公人员那样无助被骂很揪心，那老人太TM不要个老脸了，还叫你家那群傻逼来一家人都那B样，垃圾
看央视暴光（香格里拉旅行社）的暴力行为.很气氛这是中国你以为是什么，那个穿警服的更TM不是人你是政府部门值法者，都不如普通百姓，你们领导上岗]教育你吗
哈尔滨北京华联新闻报道几天了，警察看见打记者了不抓，悲哀（老虎苍蝇一起打）不知道警察是什么TM东西
看到青岛城管，强拆拆部队之新闻很振惊，城管你真牛......越战你去那了，钓鱼岛你干吗去了，....老鼠扛枪，
听到同事说给老师送了五百元.......是钱出卖了良心，还是师G掉了一横//@舍得d1772:失财的一天，老师你收了多少！！！
看到天这么好，心情也好了
#带着微博去旅行##旅行最美风景照#
最无耻的，脸最厚//@最热中国风:舒适不落伍，简约不简单~~~>>>http://t.cn/zQrPFBV[可爱]
今的上海并不是很热
新浪微博客户端换新装！全新界面，卡片化浏览体验；主页全面升级，新增高清头图；右上角更精彩，轻松扫二维码、摇周边。新浪微博客户端3.6.0为你而改变 [good]！观看视频，了解更多：http://t.cn/zQG25Qn 下载地址：http://t.cn/zQcNQSu
稳房并不难，难的是怎么去做，房子使用权25年，25后第一套可以继续签使用，第2套或以上的重新归政府，重新拍卖――「我来说两句-知情人：楼市调控已有初步草案 不亚于98年房改」http://t.cn/zQOzcdH
有一伙人卖假蚕丝被的实际成本为30元左右请大家别买里面不是蚕丝，这个人这辆车
看了工行建行游行，很感慨领导与柜员的关糸，就象老板与雇用的关糸，工资差十倍，一个月工资养不起家
谁为我们七八年未解决的放款负责//@舍得d1772:鹤岗骗子小额贷款己经过去多年了，骗子李庆波等都没什么事，政府办案的都富了，开好车喝好酒，我们的钱己追回来了也找个种理由不给，左划又划四五年了还没信，又要回的也只要了百分之六十，办案的都富了，还舔着B脸说事己压下，你们]人管了，什么TMB政府，，习主席请检查鹤岗
李天一案。是B是法律，同时也是中国发展的到退，如果判不公平，我们的孩子出了问题，我们只能用美国大片的做法让他死生命是等值的
中国心中的眼泪//@吕宗远://@黄孔养:转发微博
以命抵命，以牙还牙//@吕宗远: //@彭园v: 日[怒][怒][怒]//@杂论百态://@杜君立:无怨无仇，直取性命。之所以杀人如草芥，是有恃无恐，他知道杀一个中国公民如同踩死一只蚂蚁，不仅无罪，反倒有功。//@写字李华良: 杀人! //@记者赖居禄:转发微博//@大鹏看天下:【城管打死瓜农的血腥瞬间！】多名围观群众及死者家属一致描述，邓正加的头部被硕大的铁疙瘩秤砣狠砸了一下后倒地，并没有立即咽气。他躺在地上抽动，哀求城管，自己快死了，别再打了，把自己送到医院救命，城管不予理会，继续踢打，直到邓一动也不动了，城管觉得确实出人命了，急忙开溜。这就是杀人！
在中国我也想要一个像（李天一）一样的爹，再大的事都能摆平，法律算什么[哈哈]
豪车算什么！鹤岗市政府官都两台车，一台轿车一台5700，
郭美美把红十字会贪官挖出来了，小三把贪官搞落马了，手表把贪官搞落马了，那么双色经历很多风雨依然兼程。这回出了一个球两个号31，3贪官还尖挺吗？
转发微博//@任志强:转：人生1条路：走自己的路；人生2件宝：身体好、心不老；人生3种朋友：肯借钱给你、参加你的婚礼、参加你的葬礼；人生有4苦：看不透、舍不得、输不起、放不下。人生5句话：再难也要坚持，再好也要淡泊，再差也要自信，再多也要节省，再冷也要热情。人生6财富：身体、知识、梦想、信念、自信、骨气！
//@吕宗远: //@彭园v: [怒][怒]
骗子最终的下场是最先把自己骗进了坟墓
喜欢灿烂千阳，喜欢盛夏浓浓绿意；伴着无尽阳光，祝你夏天快乐；“微盘”挺好的~ http://t.cn/zHDDrpb
//@吕宗远: //@汉朝青: [吃惊] //@捕风的橄榄树: //@向远宏:[弱]
李双江的儿子未成年？那么那来的驾照，如果没驾照更违法，一个普通的案件搞复杂了，普通老百姓早完了，关键他爹姓李，大于法
富政富反应当前部分政府官员，以为自己做的很鬼秘没人知道，]想到笑出了出问题。不是不报时候未到，到这时还说无罪，拆等喝人民的血
鹤岗站点又新建了是件好事，应有美感，有实用价值，可我看到的是大小不一样缺少整体美感，并且不理解又有小卖部，太TM呃
分享图片
鹤岗兴安桥边护栏去年新修的二个月就例裂开了，今年又从修了，政府烧钱啊
昨天看了新闻暗防，拍各地市机关在工作时间用电脑看电影打游戏，真是太好了
行长，和支行行长污受V的钱，如果拿出来可以造个航母
朝鲜你是不是TM有点太不要脸了
新浪微博Android客户端V3.5.2全新升级！信息流图片加载速度提升；发布器支持多张图片一键分享；新增emoji、浪小花表情。观看视频，了解更多！http://t.cn/zTozVas 下载地址：http://t.cn/zTkGZnJ
新浪微博客户端3.5.1全新升级！信息流图片加载速度提升；发布器支持多张图片一键分享；新增emoji、浪小花表情。观看视频，了解更多！http://t.cn/zTozVas 下载地址：http://t.cn/zTEl6q0
请做善人。做善事是一种修行。（坏人不是不报，时候未到）
看到一个个贪官，用贪来的钱炫耀买车买房，真想杀他们的心思都有。爱国吗爱，参加过越战，但我能保卫国家，却保卫不了自己的家，家被强拆了。
新浪微博客户端升级了！信息流图片加载速度提升；发布器支持多张图片一键分享；新增emoji、浪小花表情。观看视频，了解更多！http://t.cn/zTozVas 我在全新微博客户端3.5.0，我为雅安祈福。下载地址：http://t.cn/zldQ2Cz
加油四川，加油卢山
祈祷平安，愿他们能度过难观。
我想中国应该取消法外就医，这样就让违法者不容易，钻法律空子。改为狱内就医。
（风可以吹起一大张白纸，却无法吹走一只蝴蝶，因为生命的力量在于不顺从）。很喜欢这句话。
宽容老人的迟顿行为与，，，，是佛善心怀的表现，爱他们
全国收费站为拉动经济在整合，黑龙江鹤岗收费收三十年]取剔，反而又增加了一个，悲哀
今天的雪好大，
新年快乐，发大财
幸福就是一家人在一起，爱别到失去，才董得珍惜。
今天又下雪了，空气好多了
[心]//@舍得d1772:鹤岗通罗北的收费站收费由10元调为15元。一条路收费收了20多年不知道中央政府是怎样以法制路的，乱收费的钱不知用到何处。拉动经济这样，等于阻止一个市的发展。
鹤岗育才路的红绿灯，设的没有行人时间，行人过路非常危险，不知道有关部门怎么设计的，为了行人安全请极时处理
母亲逛了很久，在我的建议下买了一双打6.5折的鞋299元，我从她的脸上看出很心疼的样子，我说我付款她不样，走商场门口母亲，突然掏出一个小口袋，有几百元钱说儿子，给你吧，我没有要。今天零下二十度，泪水变成水珠挂在我脸上，风吹的很多人蒙着脸SS跑着，我的心却在流血，世上只有妈好的歌响起
今晚界江的雪好美丽 我在:http://t.cn/zjxbxqE
雪好大啊，就象洁白好鹅毛，铺满大地，明年又是个丰收年。那年我和她慢步雪中，今天是雪梢个信，告诉我她在它乡，很好
发表了博文 《淘宝，也需要严格管理.》 - 我在双一前天看好商家一件标价320元的手包一个，我问多少钱说210最低了，我说双一是否五折啊160元他说是的，第二天我早上1点就起来准备抢拍，可我登陆卖家以 http://t.cn/zjfNnQj
中国的强拆，使政府在民中信誉度差，象中日的钓鱼岛。民富国强
又是一场雪，这个冬天，真的很美，害虫冻死了，来年又是个丰收年
今天老朋友来看我，我很开心
刚下飞机好冷啊
合肥我来了
今天的雪好大，树都折了
本来周曰准备去合肥，但哈航空可能不飞，只能晚签机了。
名人，马艳丽私建e墅物业，城管不管，我家在凉台凸出了一点，物业，城管等象苍蝇一样这个不行那个不行，名人儿子吸毒了三月放了，工人儿子三年还没出来，名人喝一斤酒驾车，警察把大事越说越小，明天照样开车，百姓喝酒警察把小事越说越大，蹲了十五天半三 月不能开车。所以在中国尽全力出名，[哈哈]
早上发现掉了好多树叶，感觉冬天的脚步近了。好凄凉
郭台铭：大陆日本台湾共同开发 三分钓鱼岛资源)听到这消息非常气氛，郭台铭你他妈的是中国人吗？有两个B钱，连老祖宗都不认了。你快死了
看见满天飞舞的雪花，心里快活极了，蚊子，和讨厌的苍蝇快没了，[威武]
中国人谁也别买苹果5，逼美国人把地图改了
今天的风好大，吹和窗户，象气车马达发出的声音
中国的傻逼最多，一个号买几百注所以中上亿元奖。双色球骗了一次又一次却有人还在买
中国公务员，一个月开二干几百块，确能买起二十几万的车，或是更好的车，一个月去十几次酒店，我不知道他们是怎么省钱的[抓狂]
是的//@时尚前卫女:分享：这款清新净肤矿物美白套装，包装好可爱~~链接：http://t.cn/zlcKvCz
不计较得失，开心就好。不计较好坏，经历过就好。随着时间的流失，一切都是浮云
这个十一在家过的，没有出门的苦闷，明天去玩
手机不错，电信的网就象蜗牛太慢了，
在网上看到一文章，说（各国老师工资，中国倒第三）文客们中国老师有红包，中国老师在放学后在家补课.....中国老师平均4千多，中国的银行，工商，政府平均工资2干左右，！！！！
分享东彬的相册图片： http://t.cn/zlARkV7  @mark
每当提到钩鱼岛，我就非常气，曰本你凭什么说，钩鱼岛是你的，就象是一个贪官，贪了钱，被发现后才招了，进了牢房才明白。
喊，叫有用吗？贪官最多双归，我家房照样被折，出国最好的方法，//@微博搞笑排行榜:转起来！[国旗][国旗][国旗]
所为的洒脱，就是不把任何事情放在心上，
#朗动#不仅仅是一部车，是一件艺品的表现
鹤岗市长的政策不管人民利益，只要不死人就强拆，拆迁人富的流油，拆迁主任贫五佰多万，武警象土匪。昨天终于由于强拆砸死个老头。所有人民应反抗，
今天天气太好了，我们驾车来很迷人
爱没有对于错，今天错的或许明天是对的，时间可以证明我们曾经牵挂过，思念过[落叶]#请插入话题名称#
酒驾等于杀人，
一个让人笑掉大牙的笑话，鹤岗顺通驾校学自动档车，考八角
好久没有骑车了，今晚骑了一次心情很爽
大财靠命，中财靠德，小财靠谋。
终于看完了，（青瓷）里面的几句话很有回味，“举头三尺有神明，人在做天在看”””不是不报，时晨未到，””
“感恩父爱 漫步者父亲节好礼相送”，这个活动推荐给大家。 地址：http://t.cn/zWvDLFA
所为的救人做好事，只是一个正常人的正常表现，不愿帮助人的人是一个自私复杂人的表现，或是受过某种伤害，
鹤岗矿难还没处理完，又出事了，平安是福
//@舍得1727://@渗透727:他属于，盗窃国家财务//@舍得d1772:这个不要脸的人，我多汇了762元多，他懒着不退，他太小气，不讲信用。大家以我为例别让他在骗人了。#请插入话题名称#@请输入用户名
回复@家中小花:同性也一样，展新的一天 //@家中小花:同性怎么办？//@舍得d1772:#微小说# 不是情人，就是敌人，不是赢，就是输
看到哈一大的事，真为凶手为豪，为什么不多杀几个，我母亲在哈一大脑科，本来应立即手术，结果因没送钱等了又等，没手术，花了一万多，大主任3干副主2千麻醉1千，副刀1千，护士长调床5百，药师1干，杀杀杀
我追求的幸福，就是两个人或一群人，在一起吹牛
我刚更新了2012版新浪微博Android客户端，推荐你也一起来体验http://t.cn/SVpOpR 好东西一定要分享噢！下载安装后签到 “微博2012船票点”，豪华邮轮船票等你来拿！http://t.cn/SV8B3n
别让骗子得意，封杀到底//@舍得d1772:这个不要脸的人，我多汇了762元多，他懒着不退，他太小气，不讲信用。大家以我为例别让他在骗人了。#请插入话题名称#@请输入用户名
听到林有病心理很沉重，兄弟快点好起来，我们好斗地主
听到李家包甫用地沟油被发现的事，很奇怪为什么有人还去啊？是不是人很.....啊
